1,1
2,1
3,1
4,1
5,2
6,2
7,4
8,4
9,6
10,6
11,8
12,10
13,14
14,18
15,24
16,29
17,36
18,44
19,58
20,72
21,91
22,112
23,142
24,178
25,215
26,275
27,373
28,403
29,554
30,548
31,733
32,1028
33,945
34,1322
35,1169
36,1569
37,2247
38,1803
39,2566
40,3462
41,2771
42,4093
43,2890
44,4258
45,6123
46,4237
47,6350
48,4705
49,6157
50,9321
51,5705
52,8819
53,10936
54,7961
55,12525
56,6900
57,11092
58,17407
59,9366
60,15274
61,8473
62,12797
63,20935
64,10325
65,17337
66,22187
67,13835
68,23387
69,10667
70,18531
71,31365
72,14084
73,24629
74,10405
75,18649
76,32715
77,13701
78,24697
79,28244
80,18054
81,32582
82,12931
83,23826
84,38048
85,17006
86,31327
87,11843
88,22248
89,41084
90,15482
91,29239
92,21775
93,20184
94,38122
95,13577
96,26364
97,44186
98,17828
99,34490
100,11795
101,23306
102,45202
103,15546
104,30658
105,10160
106,20424
107,40233
108,13371
109,26773
110,36896
111,17652
112,35235
113,11417
114,23098
115,44631
116,15015
117,30470
118,9730
119,19944
120,40242
121,12921
122,26299
123,31274
124,17068
125,34759
126,10981
127,22638
128,42723
129,14722
130,30002
131,9567
132,19578
133,39773
134,12872
135,26156
136,8523
137,17268
138,34912
139,11406
140,23108
141,38102
142,15364
143,30964
144,10166
145,20404
146,41079
147,13611
148,27275
149,9208
150,18269
151,36461
152,12202
153,24372
154,28536
155,16262
156,32579
157,10870
158,21736
159,41969
160,14473
161,28970
162,9523
163,19161
164,38507
165,12565
166,25414
167,11162
168,16645
169,33645
170,10914
171,22047
172,42766
173,14378
174,29356
175,9232
176,19001
177,38835
178,12192
179,25070
180,7669
181,16049
182,33208
183,10108
184,21210
185,30685
186,13351
187,27922
188,8353
189,17625
190,36126
191,10975
192,23291
193,6760
194,14560
195,30790
196,8956
197,19303
198,8381
199,11952
200,25548
201,7294
202,15819
203,33067
204,9602
205,20791
206,5725
207,12687
208,27515
209,7645
210,16857
211,4439
212,10039
213,22171
214,5891
215,13289
216,25877
217,7742
218,17512
219,4435
220,10283
221,22863
222,5878
223,13628
224,3299
225,7796
226,18008
227,4388
228,10356
229,5446
230,5809
231,13718
232,3277
233,7829
234,18086
235,4448
236,10568
237,2434
238,5932
239,14102
240,3274
241,7961
242,1774
243,4441
244,10679
245,2443
246,6033
247,13606
248,3319
249,8109
250,1850
251,4549
252,10977
253,2463
254,6116
255,1348
256,3400
257,8395
258,1867
259,4646
260,4325
261,2539
262,6324
263,1380
264,3499
265,8505
266,1962
267,4829
268,1052
269,2692
270,6631
271,1462
272,3678
273,791
274,2011
275,4981
276,1052
277,2686
278,6535
279,1474
280,3711
281,804
282,2033
283,5054
284,1090
285,2796
286,564
287,1476
288,3781
289,756
290,2005
291,3282
292,1059
293,2755
294,549
295,1433
296,3704
297,742
298,1988
299,387
300,1066
301,2776
302,561
303,1498
304,368
305,794
306,2080
307,418
308,1098
309,2846
310,626
311,1597
312,333
313,870
314,2170
315,421
316,1138
317,231
318,601
319,1593
320,306
321,834
322,1632
323,407
324,1135
325,206
326,597
327,1583
328,302
329,818
330,149
331,438
332,1161
333,212
334,603
335,195
336,295
337,820
338,147
339,420
340,1121
341,217
342,607
343,103
344,308
345,836
346,141
347,424
348,73
349,209
350,598
351,106
352,302
353,773
354,146
355,424
356,66
357,205
358,600
359,108
360,303
361,51
362,158
363,451
364,67
365,225
366,124
367,88
368,310
369,47
370,138
371,398
372,66
373,201
374,33
375,95
376,282
377,40
378,139
379,22
380,71
381,204
382,39
383,110
384,281
385,52
386,163
387,22
388,83
389,229
390,31
391,108
392,10
393,40
394,144
395,11
396,49
397,88
398,22
399,103
400,8
401,44
402,146
403,18
404,65
405,6
406,33
407,98
408,13
409,43
410,4
411,19
412,63
413,7
414,22
415,79
416,7
417,31
418,4
419,16
420,62
421,12
422,38
423,5
424,17
425,53
426,7
427,21
428,34
429,5
430,25
431,3
432,14
433,42
434,6
435,21
436,4
437,12
438,30
439,3
440,13
441,2
442,9
443,25
444,4
445,10
446,32
447,5
448,15
449,3
450,7
451,19
452,2
453,10
454,0
455,6
456,17
457,1
458,6
459,17
460,1
461,8
462,0
463,2
464,10
465,2
466,5
467,2
468,4
469,9
470,2
471,4
472,2
473,1
474,7
475,1
476,4
477,15
478,0
479,3
480,0
481,0
482,2
483,0
484,1
485,0
486,0
487,0
488,0
489,0
490,2
491,0
492,1
493,0
494,1
495,3
496,0
497,0
498,0
499,0
500,1
501,0
502,0
503,1
504,0
505,0
506,0
507,0
508,0
509,0
510,0
511,0
512,0
513,0
514,0
515,0
516,0
517,0
518,0
519,0
520,0
521,0
522,0
523,0
524,0
525,0
526,0
527,0
528,0
529,0
530,0
531,0
532,0
533,0
534,0
535,0
536,0
537,0
538,0
539,0
540,0
541,0
542,0
543,0
544,0
545,0
546,0
547,0
548,0
549,0
550,0
551,0
552,0
553,0
554,0
555,0
556,0
557,0
558,0
559,0
560,0
561,0
562,0
563,0
564,0
565,0
566,0
567,0
568,0
569,0
570,0
571,0
572,0
573,0
574,0
575,0
576,0
577,0
578,0
579,0
580,0
581,0
582,0
583,0
584,0
585,0
586,0
587,0
588,0
589,0
590,0
591,0
592,0
593,0
594,0
595,0
596,0
597,0
598,0
599,0
600,0
601,0
602,0
603,0
604,0
605,0
606,0
607,0
608,0
609,0
610,0
611,0
612,0
613,0
614,0
615,0
616,0
617,0
618,0
619,0
620,0
621,0
622,0
623,0
624,0
625,0
626,0
627,0
628,0
629,0
630,0
631,0
632,0
633,0
634,0
635,0
636,0
637,0
638,0
639,0
640,0
641,0
642,0
643,0
644,0
645,0
646,0
647,0
648,0
649,0
650,0
651,0
652,0
653,0
654,0
655,0
656,0
657,0
658,0
659,0
660,0
661,0
662,0
663,0
664,0
665,0
666,0
667,0
668,0
669,0
670,0
671,0
672,0
673,0
674,0
675,0
676,0
677,0
678,0
679,0
680,0
681,0
682,0
683,0
684,0
685,0
686,0
687,0
688,0
689,0
690,0
691,0
692,0
693,0
694,0
695,0
696,0
697,0
698,0
699,0
700,0
701,0
702,0
703,0
704,0
705,0
706,0
707,0
708,0
709,0
710,0
711,0
712,0
713,0
714,0
715,0
716,0
717,0
718,0
719,0
720,0
721,0
722,0
723,0
724,0
725,0
726,0
727,0
728,0
729,0
730,0
731,0
732,0
733,0
734,0
735,0
736,0
737,0
738,0
739,0
740,0
741,0
742,0
743,0
744,0
745,0
746,0
747,0
748,0
749,0
750,0
751,0
752,0
753,0
754,0
755,0
756,0
757,0
758,0
759,0
760,0
761,0
762,0
763,0
764,0
765,0
766,0
767,0
768,0
769,0
770,0
771,0
772,0
773,0
774,0
775,0
776,0
777,0
778,0
779,0
780,0
781,0
782,0
783,0
784,0
785,0
786,0
787,0
788,0
789,0
790,0
791,0
792,0
793,0
794,0
795,0
796,0
797,0
798,0
799,0
800,0
801,0
802,0
803,0
804,0
805,0
806,0
807,0
808,0
809,0
810,0
811,0
812,0
813,0
814,0
815,0
816,0
817,0
818,0
819,0
820,0
821,0
822,0
823,0
824,0
825,0
826,0
827,0
828,0
829,0
830,0
831,0
832,0
833,0
834,0
835,0
836,0
837,0
838,0
839,0
840,0
841,0
842,0
843,0
844,0
845,0
846,0
847,0
848,0
849,0
850,0
851,0
852,0
853,0
854,0
855,0
856,0
857,0
858,0
859,0
860,0
861,0
862,0
863,0
864,0
865,0
866,0
867,0
868,0
869,0
870,0
871,0
872,0
873,0
874,0
875,0
876,0
877,0
878,0
879,0
880,0
881,0
882,0
883,0
884,0
885,0
886,0
887,0
888,0
889,0
890,0
891,0
892,0
893,0
894,0
895,0
896,0
897,0
898,0
899,0
900,0
901,0
902,0
903,0
904,0
905,0
906,0
907,0
908,0
909,0
910,0
911,0
912,0
913,0
914,0
915,0
916,0
917,0
918,0
919,0
920,0
921,0
922,0
923,0
924,0
925,0
926,0
927,0
928,0
929,0
930,0
931,0
932,0
933,0
934,0
935,0
936,0
937,0
938,0
939,0
940,0
941,0
942,0
943,0
944,0
945,0
946,0
947,0
948,0
949,0
950,0
951,0
952,0
953,0
954,0
955,0
956,0
957,0
958,0
959,0
960,0
961,0
962,0
963,0
964,0
965,0
966,0
967,0
968,0
969,0
970,0
971,0
972,0
973,0
974,0
975,0
976,0
977,0
978,0
979,0
980,0
981,0
982,0
983,0
984,0
985,0
986,0
987,0
988,0
989,0
990,0
991,0
992,0
993,0
994,0
995,0
996,0
997,0
998,0
999,0
